20 20 0.785398 0.432799
40 20 1.10649 0.517294
60 20 1.41281 0.619564
80 20 1.65953 0.718755
100 20 1.8415 0.774028
120 20 1.97312 0.75507
140 20 2.06969 0.661038
160 20 2.14266 0.518284
180 20 2.20053 0.364167
200 20 2.25221 0.229671
220 20 2.3163 0.130298
240 20 2.45493 0.0671598
260 20 2.86954 0.0354316
280 20 -2.73059 0.0336806
300 20 -2.40795 0.0515607
320 20 -2.30509 0.0800931
340 20 -2.25519 0.118617
360 20 -2.21332 0.167004
380 20 -2.16832 0.223555
400 20 -2.11662 0.284568
420 20 -2.05579 0.344556
440 20 -1.98271 0.397079
460 20 -1.89247 0.436138
480 20 -1.77713 0.457926
500 20 -1.62481 0.462694
520 20 -1.42133 0.456258
540 20 -1.15847 0.44951
560 20 -0.8467 0.452687
580 20 -0.509847 0.465527
600 20 -0.15343 0.476775
620 20 0.248009 0.481945
640 20 0.707517 0.502036
660 20 1.15763 0.564665
680 20 1.50868 0.653679
700 20 1.7502 0.715788
720 20 1.91381 0.709243
740 20 2.02791 0.627558
760 20 2.11047 0.495061
780 20 2.17223 0.348745
800 20 2.21965 0.219855
820 20 2.25672 0.124276
840 20 2.28594 0.0630854
860 20 2.30884 0.0287912
20 40 0.464302 0.517294
40 40 0.785398 0.586299
60 40 1.16461 0.678355
80 40 1.50951 0.812331
100 40 1.76493 0.945082
120 40 1.94015 1.00866
140 40 2.06095 0.964567
160 40 2.1473 0.82206
180 40 2.21255 0.624965
200 40 2.26771 0.424958
220 40 2.32971 0.259375
240 40 2.44551 0.143464
260 40 2.76041 0.0773927
280 40 -2.89819 0.0615152
300 40 -2.48749 0.0848049
320 40 -2.34433 0.127291
340 40 -2.2821 0.183673
360 40 -2.23596 0.252037
380 40 -2.18825 0.328619
400 40 -2.13343 0.407144
420 40 -2.06842 0.479499
440 40 -1.98987 0.537282
460 40 -1.89288 0.573934
480 40 -1.76971 0.58703
500 40 -1.60885 0.580415
520 40 -1.3971 0.565718
540 40 -1.13063 0.56113
560 40 -0.830996 0.582383
580 40 -0.534215 0.627009
600 40 -0.250334 0.670433
620 40 0.0512029 0.685324
640 40 0.423215 0.673459
660 40 0.883883 0.685551
680 40 1.33462 0.770957
700 40 1.66705 0.891162
720 40 1.88418 0.960102
740 40 2.02667 0.926203
760 40 2.12433 0.793515
780 40 2.19439 0.604447
800 40 2.24664 0.410591
820 40 2.28682 0.249434
840 40 2.31847 0.135838
860 40 2.34381 0.066437
20 60 0.157982 0.619564
40 60 0.406187 0.678355
60 60 0.785398 0.711274
80 60 1.24632 0.803569
100 60 1.63263 0.983187
120 60 1.88709 1.15893
140 60 2.04773 1.22771
160 60 2.15365 1.14984
180 60 2.22859 0.953066
200 60 2.28817 0.70244
220 60 2.34963 0.462991
240 60 2.45061 0.27579
260 60 2.69648 0.156265
280 60 -3.05801 0.111398
300 60 -2.58843 0.134486
320 60 -2.39556 0.19267
340 60 -2.31551 0.270032
360 60 -2.26312 0.360547
380 60 -2.21199 0.457155
400 60 -2.15346 0.550221
420 60 -2.08315 0.628801
440 60 -1.99697 0.683109
460 60 -1.8895 0.707389
480 60 -1.75292 0.702498
500 60 -1.57657 0.677752
520 60 -1.35042 0.651634
540 60 -1.07837 0.649025
560 60 -0.792938 0.68942
580 60 -0.535039 0.76914
600 60 -0.313208 0.856465
620 60 -0.0988197 0.906038
640 60 0.161248 0.886742
660 60 0.537505 0.823227
680 60 1.04525 0.819827
700 60 1.51737 0.947325
720 60 1.82909 1.112
740 60 2.0178 1.18532
760 60 2.137 1.11506
780 60 2.2172 0.925329
800 60 2.27425 0.680562
820 60 2.31665 0.445658
840 60 2.34927 0.260783
860 60 2.37506 0.136742
20 80 -0.0887298 0.718755
40 80 0.0612881 0.812331
60 80 0.324477 0.803569
80 80 0.785398 0.760808
100 80 1.36725 0.85672
120 80 1.7888 1.10765
140 80 2.02564 1.33352
160 80 2.16293 1.40037
180 80 2.25097 1.28198
200 80 2.31578 1.03272
220 80 2.37742 0.739222
240 80 2.4682 0.476321
260 80 2.66621 0.287745
280 80 3.09473 0.196567
300 80 -2.70678 0.207121
320 80 -2.46187 0.278409
340 80 -2.35793 0.376989
360 80 -2.29656 0.488574
380 80 -2.24098 0.601112
400 80 -2.17807 0.701006
420 80 -2.10126 0.77487
440 80 -2.00484 0.812943
460 80 -1.88186 0.812573
480 80 -1.72348 0.7806
500 80 -1.52025 0.733971
520 80 -1.26903 0.698045
540 80 -0.988114 0.700484
560 80 -0.721392 0.758458
580 80 -0.505916 0.866681
600 80 -0.34196 0.995942
620 80 -0.2017 1.09739
640 80 -0.0436269 1.11464
660 80 0.19415 1.01839
680 80 0.612717 0.870891
700 80 1.22369 0.86401
720 80 1.72061 1.06976
740 80 1.99751 1.28911
760 80 2.15127 1.35916
780 80 2.24496 1.24497
800 80 2.30705 0.99953
820 80 2.35092 0.709196
840 80 2.38345 0.447406
860 80 2.40849 0.252042
20 100 -0.270706 0.774028
40 100 -0.194137 0.945082
60 100 -0.0618365 0.983187
80 100 0.203545 0.85672
100 100 0.785398 0.695775
120 100 1.55613 0.824514
140 100 1.9819 1.17871
160 100 2.17801 1.44984
180 100 2.28441 1.50239
200 100 2.35455 1.34151
220 100 2.41587 1.05196
240 100 2.49845 0.737771
260 100 2.66173 0.480083
280 100 3.00242 0.330054
300 100 -2.83209 0.311044
320 100 -2.54531 0.385525
340 100 -2.41264 0.50017
360 100 -2.33887 0.626751
380 100 -2.2774 0.745921
400 100 -2.20932 0.839796
420 100 -2.12462 0.893649
440 100 -2.01451 0.900064
460 100 -1.86856 0.862738
480 100 -1.67488 0.798107
500 100 -1.42604 0.733297
520 100 -1.13443 0.698691
540 100 -0.843586 0.715537
560 100 -0.604831 0.78816
580 100 -0.439528 0.908763
600 100 -0.334864 1.06084
620 100 -0.261466 1.20996
640 100 -0.186667 1.29571
660 100 -0.0725998 1.24752
680 100 0.151619 1.03699
700 100 0.660474 0.778668
720 100 1.46077 0.810581
740 100 1.95235 1.13618
760 100 2.17145 1.40391
780 100 2.28387 1.45563
800 100 2.35054 1.29358
820 100 2.39428 1.00263
840 100 2.42509 0.685389
860 100 2.44791 0.416188
20 120 -0.402322 0.75507
40 120 -0.369352 1.00866
60 120 -0.316293 1.15893
80 120 -0.218003 1.10765
100 120 0.0146615 0.824514
120 120 0.785398 0.503983
140 120 1.85863 0.739287
160 120 2.20766 1.20893
180 120 2.33993 1.49996
200 120 2.41246 1.52379
220 120 2.47024 1.32762
240 120 2.54366 1.02255
260 120 2.67891 0.723356
280 120 2.94684 0.517119
300 120 -2.95045 0.454002
320 120 -2.64552 0.514007
340 120 -2.48354 0.631759
360 120 -2.39398 0.760851
380 120 -2.3248 0.871892
400 120 -2.25064 0.942624
420 120 -2.1564 0.958661
440 120 -2.02765 0.91791
460 120 -1.84614 0.834513
480 120 -1.59239 0.73955
500 120 -1.26646 0.673672
520 120 -0.920308 0.665365
540 120 -0.631621 0.711507
560 120 -0.436712 0.793534
580 120 -0.329957 0.904032
600 120 -0.288326 1.04692
620 120 -0.280697 1.21579
640 120 -0.276697 1.36871
660 120 -0.252559 1.42353
680 120 -0.181192 1.29082
700 120 0.0135448 0.941758
720 120 0.684471 0.546411
740 120 1.81791 0.705602
760 120 2.20885 1.16342
780 120 2.34684 1.44683
800 120 2.41403 1.46049
820 120 2.45332 1.25304
840 120 2.479 0.935156
860 120 2.49708 0.614929
20 140 -0.498895 0.661038
40 140 -0.490155 0.964567
60 140 -0.476939 1.22771
80 140 -0.454842 1.33352
100 140 -0.411106 1.17871
120 140 -0.287832 0.739287
140 140 0.785398 0.210745
160 140 2.29673 0.683698
180 140 2.45017 1.21785
200 140 2.5075 1.48794
220 140 2.55075 1.47558
240 140 2.60903 1.26482
260 140 2.71688 0.982435
280 140 2.9229 0.746519
300 140 -3.0504 0.637187
320 140 -2.75855 0.662474
340 140 -2.57478 0.76216
360 140 -2.46778 0.874422
380 140 -2.38921 0.958043
400 140 -2.30825 0.986448
420 140 -2.20281 0.947359
440 140 -2.04767 0.847026
460 140 -1.80548 0.71515
480 140 -1.43806 0.606606
500 140 -0.988298 0.579262
520 140 -0.606133 0.633832
540 140 -0.359997 0.718558
560 140 -0.226298 0.798418
580 140 -0.178848 0.875187
600 140 -0.199114 0.974518
620 140 -0.25879 1.12164
640 140 -0.322136 1.30751
660 140 -0.365979 1.46578
680 140 -0.382865 1.48671
700 140 -0.365774 1.26919
720 140 -0.268749 0.78839
740 140 0.65757 0.21447
760 140 2.31979 0.648934
780 140 2.47068 1.16862
800 140 2.51735 1.41496
820 140 2.53961 1.37414
840 140 2.55254 1.13221
860 140 2.56098 0.811364
20 160 -0.571861 0.518284
40 160 -0.576508 0.82206
60 160 -0.582858 1.14984
80 160 -0.592136 1.40037
100 160 -0.607216 1.44984
120 160 -0.636861 1.20893
140 160 -0.725935 0.683698
160 160 -2.35619 0.127819
180 160 2.7585 0.726699
200 160 2.68773 1.21721
220 160 2.67881 1.432
240 160 2.70459 1.39246
260 160 2.7779 1.20141
280 160 2.92594 0.985716
300 160 -3.12653 0.847846
320 160 -2.8774 0.825957
340 160 -2.68978 0.882656
360 160 -2.56891 0.953626
380 160 -2.48123 0.988252
400 160 -2.3945 0.95626
420 160 -2.2779 0.848574
440 160 -2.08392 0.68174
460 160 -1.71645 0.509154
480 160 -1.09958 0.435162
500 160 -0.53477 0.515463
520 160 -0.226673 0.651445
540 160 -0.0726859 0.759638
560 160 -0.00362858 0.818593
580 160 -0.00205736 0.844243
600 160 -0.0697584 0.8763
620 160 -0.193028 0.963749
640 160 -0.326526 1.13304
660 160 -0.431263 1.35008
680 160 -0.502785 1.51605
700 160 -0.555432 1.50501
720 160 -0.610595 1.22626
740 160 -0.728658 0.686621
760 160 -2.27683 0.149888
780 160 2.80955 0.702991
800 160 2.71139 1.14974
820 160 2.67642 1.31089
840 160 2.65834 1.21149
860 160 2.64727 0.953993
20 180 -0.629731 0.364167
40 180 -0.641756 0.624965
60 180 -0.657792 0.953066
80 180 -0.680178 1.28198
100 180 -0.713619 1.50239
120 180 -0.769133 1.49996
140 180 -0.879372 1.21785
160 180 -1.1877 0.726699
180 180 -2.35619 0.447513
200 180 3.10054 0.837484
220 180 2.90261 1.21115
240 180 2.84958 1.36379
260 180 2.86819 1.32238
280 180 2.95343 1.18519
300 180 3.10431 1.05529
320 180 -2.99446 0.991741
340 180 -2.82988 0.987551
360 180 -2.70904 0.993584
380 180 -2.61969 0.95939
400 180 -2.53589 0.853755
420 180 -2.41977 0.67058
440 180 -2.17383 0.434899
460 180 -1.40628 0.248842
480 180 -0.36328 0.344374
500 180 -0.0118483 0.560071
520 180 0.118328 0.73326
540 180 0.17762 0.828909
560 180 0.197247 0.84903
580 180 0.173879 0.818255
600 180 0.0854472 0.779085
620 180 -0.0827982 0.788406
640 180 -0.288393 0.899027
660 180 -0.458269 1.11366
680 180 -0.573709 1.36213
700 180 -0.658553 1.52626
720 180 -0.744629 1.48766
740 180 -0.879442 1.1909
760 180 -1.22041 0.713475
780 180 -2.34647 0.464582
800 180 3.13952 0.797865
820 180 2.91367 1.08838
840 180 2.81932 1.1448
860 180 2.76836 0.99892
20 200 -0.681414 0.229671
40 200 -0.696911 0.424958
60 200 -0.717372 0.70244
80 200 -0.744983 1.03272
100 200 -0.783755 1.34151
120 200 -0.841663 1.52379
140 200 -0.936699 1.48794
160 200 -1.11694 1.21721
180 200 -1.52975 0.837484
200 200 -2.35619 0.701097
220 200 -2.96604 0.946583
240 200 3.0799 1.20262
260 200 3.0004 1.31222
280 200 3.00613 1.2928
300 200 3.07321 1.21434
320 200 -3.10455 1.1359
340 200 -2.99292 1.07371
360 200 -2.90066 1.00435
380 200 -2.83488 0.891476
400 200 -2.7898 0.710214
420 200 -2.75337 0.4577
440 200 -2.6743 0.153551
460 200 0.291883 0.169056
480 200 0.352841 0.464659
500 200 0.366376 0.697837
520 200 0.371051 0.844041
540 200 0.370029 0.89717
560 200 0.359662 0.869527
580 200 0.327066 0.788389
600 200 0.242524 0.692122
620 200 0.0631739 0.630625
640 200 -0.203382 0.664382
660 200 -0.449241 0.827418
680 200 -0.611756 1.08324
700 200 -0.71882 1.3404
720 200 -0.812042 1.4856
740 200 -0.929381 1.42752
760 200 -1.1301 1.15532
780 200 -1.5614 0.799616
800 200 -2.35396 0.672073
820 200 -2.94457 0.839898
840 200 3.0747 0.971225
860 200 2.94404 0.936618
20 220 -0.745502 0.130298
40 220 -0.758912 0.259375
60 220 -0.778834 0.462991
80 220 -0.806625 0.739222
100 220 -0.845076 1.05196
120 220 -0.899447 1.32762
140 220 -0.979955 1.47558
160 220 -1.10802 1.432
180 220 -1.33182 1.21115
200 220 -1.74635 0.946583
220 220 -2.35619 0.867036
240 220 -2.83794 1.01245
260 220 -3.08481 1.18414
280 220 3.09071 1.27306
300 220 3.06124 1.27643
320 220 3.07664 1.22422
340 220 3.10982 1.13651
360 220 3.13522 1.01173
380 220 3.12765 0.837525
400 220 3.04563 0.609993
420 220 2.73814 0.357621
440 220 1.67612 0.24322
460 220 0.904199 0.436304
480 220 0.682587 0.673125
500 220 0.591966 0.848575
520 220 0.543332 0.935821
540 220 0.511543 0.934209
560 220 0.484709 0.860342
580 220 0.449854 0.741545
600 220 0.380512 0.610236
620 220 0.223004 0.5032
640 220 -0.0701742 0.469581
660 220 -0.40011 0.559243
680 220 -0.623182 0.767029
700 220 -0.754145 1.03224
720 220 -0.85084 1.26769
740 220 -0.953511 1.38084
760 220 -1.09775 1.31355
780 220 -1.33858 1.08916
800 220 -1.76549 0.839976
820 220 -2.35561 0.747064
840 220 -2.81991 0.79362
860 220 -3.08293 0.805275
20 240 -0.88413 0.0671598
40 240 -0.874712 0.143464
60 240 -0.879812 0.27579
80 240 -0.897404 0.476321
100 240 -0.927652 0.737771
120 240 -0.972867 1.02255
140 240 -1.03823 1.26482
160 240 -1.13379 1.39246
180 240 -1.27878 1.36379
200 240 -1.5091 1.20262
220 240 -1.87445 1.01245
240 240 -2.35619 0.934473
260 240 -2.78292 1.00494
280 240 -3.05623 1.12352
300 240 3.07033 1.2045
320 240 2.97988 1.21892
340 240 2.91787 1.16417
360 240 2.85052 1.0443
380 240 2.73598 0.869933
400 240 2.50307 0.672463
420 240 2.04502 0.530207
440 240 1.45422 0.549161
460 240 1.05571 0.697059
480 240 0.847907 0.854631
500 240 0.733704 0.955111
520 240 0.663965 0.97651
540 240 0.616834 0.922556
560 240 0.580734 0.812122
580 240 0.545269 0.671047
600 240 0.491013 0.52583
620 240 0.370661 0.401331
640 240 0.0994928 0.327724
660 240 -0.302274 0.349919
680 240 -0.607632 0.486607
700 240 -0.771915 0.703252
720 240 -0.874358 0.943189
740 240 -0.967155 1.13551
760 240 -1.08091 1.21259
780 240 -1.24537 1.145
800 240 -1.50239 0.971151
820 240 -1.89179 0.793547
840 240 -2.35604 0.70348
860 240 -2.73672 0.672683
20 260 -1.29874 0.0354316
40 260 -1.18961 0.0773927
60 260 -1.12568 0.156265
80 260 -1.09541 0.287745
100 260 -1.09093 0.480083
120 260 -1.10811 0.723356
140 260 -1.14608 0.982435
160 260 -1.2071 1.20141
180 260 -1.29739 1.32238
200 260 -1.42961 1.31222
220 260 -1.62758 1.18414
240 260 -1.92947 1.00494
260 260 -2.35619 0.880407
280 260 -2.81565 0.886649
300 260 3.11451 0.986224
320 260 2.88085 1.08886
340 260 2.71462 1.13559
360 260 2.56528 1.1063
380 260 2.38742 1.01239
400 260 2.13776 0.895474
420 260 1.80057 0.819394
440 260 1.44103 0.828743
460 260 1.1549 0.899654
480 260 0.96312 0.969855
500 260 0.83935 0.993687
520 260 0.757266 0.955058
540 260 0.700001 0.860087
560 260 0.657153 0.727335
580 260 0.620332 0.579385
600 260 0.576285 0.43684
620 260 0.490719 0.315695
640 260 0.276969 0.230696
660 260 -0.148608 0.208867
680 260 -0.558775 0.278786
700 260 -0.774181 0.426523
720 260 -0.88801 0.619005
740 260 -0.975314 0.812802
760 260 -1.0704 0.954338
780 260 -1.19497 0.99888
800 260 -1.37211 0.936497
820 260 -1.62898 0.805187
840 260 -1.97548 0.672648
860 260 -2.35615 0.581966
20 280 -1.9818 0.0336806
40 280 -1.8142 0.0615152
60 280 -1.65438 0.111398
80 280 -1.52393 0.196567
100 280 -1.43163 0.330054
120 280 -1.37605 0.517119
140 280 -1.35211 0.746519
160 280 -1.35515 0.985716
180 280 -1.38263 1.18519
200 280 -1.43533 1.2928
220 280 -1.51992 1.27306
240 280 -1.65616 1.12352
260 280 -1.89674 0.886649
280 280 -2.35619 0.669882
300 280 -3.02643 0.644994
320 280 2.75912 0.820945
340 280 2.48448 1.02722
360 280 2.30202 1.16377
380 280 2.13715 1.2061
400 280 1.95161 1.17484
420 280 1.73103 1.11487
440 280 1.48959 1.06716
460 280 1.26298 1.04159
480 280 1.07922 1.01696
500 280 0.943172 0.966717
520 280 0.845875 0.878633
540 280 0.776062 0.757188
560 280 0.724459 0.617041
580 280 0.683483 0.475463
600 280 0.643624 0.346978
620 280 0.582272 0.241038
640 280 0.432096 0.163274
660 280 0.0521579 0.123955
680 280 -0.463912 0.146209
700 280 -0.759066 0.231403
720 280 -0.893826 0.360918
740 280 -0.97997 0.512883
760 280 -1.06302 0.654784
780 280 -1.16348 0.748788
800 280 -1.2968 0.768264
820 280 -1.47972 0.71381
840 280 -1.72722 0.615531
860 280 -2.03438 0.514144
20 300 -2.30444 0.0515607
40 300 -2.2249 0.0848049
60 300 -2.12396 0.134486
80 300 -2.00561 0.207121
100 300 -1.8803 0.311044
120 300 -1.76194 0.454002
140 300 -1.66199 0.637187
160 300 -1.58585 0.847846
180 300 -1.53351 1.05529
200 300 -1.50241 1.21434
220 300 -1.49045 1.27643
240 300 -1.49953 1.2045
260 300 -1.54371 0.986224
280 300 -1.68596 0.644994
300 300 -2.35619 0.292874
320 300 2.50947 0.434721
340 300 2.1717 0.834993
360 300 2.04733 1.16536
380 300 1.95497 1.36404
400 300 1.8535 1.42492
420 300 1.72724 1.37809
440 300 1.5731 1.27129
460 300 1.40096 1.14621
480 300 1.23056 1.02221
500 300 1.08071 0.898447
520 300 0.960267 0.768628
540 300 0.868439 0.632373
560 300 0.79975 0.496446
580 300 0.747549 0.370445
600 300 0.704036 0.262405
620 300 0.654208 0.176631
640 300 0.552767 0.113957
660 300 0.265029 0.0754411
680 300 -0.306225 0.0721202
700 300 -0.72023 0.112835
720 300 -0.891789 0.187835
740 300 -0.98187 0.287455
760 300 -1.05733 0.396408
780 300 -1.14192 0.491122
800 300 -1.24822 0.546963
820 300 -1.38737 0.549903
840 300 -1.57067 0.504696
860 300 -1.80448 0.432323
20 320 -2.4073 0.0800931
40 320 -2.36806 0.127291
60 320 -2.31683 0.19267
80 320 -2.25052 0.278409
100 320 -2.16708 0.385525
120 320 -2.06687 0.514007
140 320 -1.95384 0.662474
160 320 -1.83498 0.825957
180 320 -1.71793 0.991741
200 320 -1.60784 1.1359
220 320 -1.50584 1.22422
240 320 -1.40908 1.21892
260 320 -1.31006 1.08886
280 320 -1.18833 0.820945
300 320 -0.938677 0.434721
320 320 0.785398 0.191106
340 320 1.62053 0.631606
360 320 1.75284 1.08345
380 320 1.7911 1.41445
400 320 1.78555 1.57895
420 320 1.74536 1.57737
440 320 1.67193 1.44859
460 320 1.56658 1.25016
480 320 1.43507 1.03472
500 320 1.29002 0.83446
520 320 1.14804 0.660007
540 320 1.02292 0.510159
560 320 0.921004 0.382004
580 320 0.841721 0.27476
600 320 0.780024 0.188741
620 320 0.725478 0.123466
640 320 0.649103 0.0769751
660 320 0.451993 0.0468503
680 320 -0.0785075 0.0351072
700 320 -0.644748 0.049795
720 320 -0.879928 0.0875329
740 320 -0.98105 0.14379
760 320 -1.05252 0.213297
780 320 -1.12618 0.284785
800 320 -1.21443 0.342328
820 320 -1.32557 0.371294
840 320 -1.46763 0.365406
860 320 -1.64752 0.330036
20 340 -2.45719 0.118617
40 340 -2.43029 0.183673
60 340 -2.39688 0.270032
80 340 -2.35445 0.376989
100 340 -2.29975 0.50017
120 340 -2.22885 0.631759
140 340 -2.13761 0.76216
160 340 -2.02261 0.882656
180 340 -1.88251 0.987551
200 340 -1.71947 1.07371
220 340 -1.53903 1.13651
240 340 -1.34707 1.16417
260 340 -1.14383 1.13559
280 340 -0.913688 1.02722
300 340 -0.600904 0.834993
320 340 -0.0497309 0.631606
340 340 0.785398 0.652134
360 340 1.3396 0.963196
380 340 1.59108 1.32554
400 340 1.70908 1.58241
420 340 1.75928 1.66886
440 340 1.76501 1.58453
460 340 1.7346 1.37504
480 340 1.67069 1.10608
500 340 1.57488 0.837459
520 340 1.45175 0.606841
540 340 1.31174 0.427226
560 340 1.17012 0.294662
580 340 1.0414 0.198901
600 340 0.933547 0.130428
620 340 0.845299 0.0823684
640 340 0.760427 0.0497677
660 340 0.615391 0.028809
680 340 0.196699 0.0177186
700 340 -0.509554 0.0201515
720 340 -0.85352 0.0365959
740 340 -0.976906 0.0643954
760 340 -1.04803 0.102483
780 340 -1.11409 0.146946
800 340 -1.18959 0.189905
820 340 -1.28162 0.221505
840 340 -1.39607 0.233904
860 340 -1.53853 0.224994
20 360 -2.49907 0.167004
40 360 -2.47643 0.252037
60 360 -2.44927 0.360547
80 360 -2.41583 0.488574
100 360 -2.37352 0.626751
120 360 -2.31841 0.760851
140 360 -2.24461 0.874422
160 360 -2.14348 0.953626
180 360 -2.00335 0.993584
200 360 -1.81173 1.00435
220 360 -1.56442 1.01173
240 360 -1.27972 1.0443
260 360 -0.994481 1.1063
280 360 -0.731223 1.16377
300 360 -0.476537 1.16536
320 360 -0.182039 1.08345
340 360 0.231192 0.963196
360 360 0.785398 0.950231
380 360 1.27939 1.14002
400 360 1.58144 1.41104
420 360 1.74709 1.60214
440 360 1.83529 1.63191
460 360 1.87584 1.49698
480 360 1.882 1.24648
500 360 1.85873 0.949848
520 360 1.80655 0.668324
540 360 1.72399 0.438991
560 360 1.61032 0.273069
580 360 1.4694 0.163629
600 360 1.31263 0.095938
620 360 1.15632 0.0554323
640 360 1.00983 0.0314095
660 360 0.848094 0.0172197
680 360 0.518094 0.00925565
700 360 -0.272013 0.00759741
720 360 -0.803148 0.0136939
740 360 -0.9681 0.0258562
760 360 -1.04336 0.0441041
780 360 -1.10441 0.0677584
800 360 -1.17056 0.0938864
820 360 -1.24888 0.117461
840 360 -1.34397 0.132939
860 360 -1.46014 0.13659
20 380 -2.54407 0.223555
40 380 -2.52414 0.328619
60 380 -2.5004 0.457155
80 380 -2.47141 0.601112
100 380 -2.43499 0.745921
120 380 -2.38759 0.871892
140 380 -2.32318 0.958043
160 380 -2.23116 0.988252
180 380 -2.0927 0.95939
200 380 -1.87751 0.891476
220 380 -1.55685 0.837525
240 380 -1.16518 0.869933
260 380 -0.816619 1.01239
280 380 -0.566356 1.2061
300 380 -0.38417 1.36404
320 380 -0.220305 1.41445
340 380 -0.0202884 1.32554
360 380 0.291404 1.14002
380 380 0.785398 1.01291
400 380 1.3219 1.1108
420 380 1.67666 1.34788
440 380 1.87101 1.52695
460 380 1.97782 1.54615
480 380 2.03652 1.40051
500 380 2.06529 1.14322
520 380 2.07212 0.846706
540 380 2.05981 0.572202
560 380 2.02788 0.354693
580 380 1.97336 0.202857
600 380 1.89137 0.107907
620 380 1.77637 0.0540316
640 380 1.62448 0.0258855
660 380 1.43035 0.0120123
680 380 1.1301 0.00529812
700 380 0.270294 0.00256365
720 380 -0.707618 0.00439737
740 380 -0.953091 0.00925919
760 380 -1.03815 0.0170219
780 380 -1.09635 0.0280008
800 380 -1.15551 0.0415203
820 380 -1.22359 0.0556061
840 380 -1.30455 0.0673537
860 380 -1.40172 0.0739487
20 400 -2.59577 0.284568
40 400 -2.57896 0.407144
60 400 -2.55893 0.550221
80 400 -2.53432 0.701006
100 400 -2.50307 0.839796
120 400 -2.46175 0.942624
140 400 -2.40414 0.986448
160 400 -2.31788 0.95626
180 400 -2.1765 0.853755
200 400 -1.92259 0.710214
220 400 -1.47483 0.609993
240 400 -0.932273 0.672463
260 400 -0.566964 0.895474
280 400 -0.380818 1.17484
300 400 -0.282699 1.42492
320 400 -0.214758 1.57895
340 400 -0.138284 1.58241
360 400 -0.010639 1.41104
380 400 0.248893 1.1108
400 400 0.785398 0.86625
420 400 1.45834 0.943426
440 400 1.85448 1.22662
460 400 2.04317 1.44039
480 400 2.14097 1.47441
500 400 2.19599 1.3332
520 400 2.2277 1.07888
540 400 2.24469 0.788427
560 400 2.25083 0.523495
580 400 2.24753 0.317169
600 400 2.23459 0.175914
620 400 2.2104 0.089557
640 400 2.17177 0.0419509
660 400 2.11318 0.0180976
680 400 2.02264 0.00709129
700 400 1.83058 0.0021973
720 400 -0.303466 0.000655334
740 400 -0.939559 0.00277359
760 400 -1.03427 0.00584873
780 400 -1.08981 0.0103786
800 400 -1.14336 0.0164659
820 400 -1.2035 0.0235734
840 400 -1.27376 0.0305193
860 400 -1.35678 0.0357881
20 420 -2.6566 0.344556
40 420 -2.64397 0.479499
60 420 -2.62924 0.628801
80 420 -2.61113 0.77487
100 420 -2.58777 0.893649
120 420 -2.55599 0.958661
140 420 -2.50958 0.947359
160 420 -2.43449 0.848574
180 420 -2.29261 0.67058
200 420 -1.95902 0.4577
220 420 -1.16734 0.357621
240 420 -0.474221 0.530207
260 420 -0.229771 0.819394
280 420 -0.16023 1.11487
300 420 -0.156442 1.37809
320 420 -0.174563 1.57737
340 420 -0.188484 1.66886
360 420 -0.176294 1.60214
380 420 -0.105862 1.34788
400 420 0.112456 0.943426
420 420 0.785398 0.600956
440 420 1.70931 0.751491
460 420 2.07672 1.12917
480 420 2.2168 1.38043
500 420 2.28404 1.42274
520 420 2.32126 1.28056
540 420 2.34345 1.02663
560 420 2.35694 0.741567
580 420 2.36468 0.486088
600 420 2.36808 0.290517
620 420 2.36769 0.158844
640 420 2.36353 0.0796466
660 420 2.35518 0.0366829
680 420 2.34196 0.0155078
700 420 2.3245 0.00592766
720 420 2.31965 0.00180352
740 420 -1.47463 0.000195197
760 420 -1.06094 0.00163659
780 420 -1.08913 0.00341244
800 420 -1.13417 0.00585602
820 420 -1.18732 0.00896747
840 420 -1.24913 0.0123984
860 420 -1.32129 0.0155177
20 440 -2.72967 0.397079
40 440 -2.72252 0.537282
60 440 -2.71541 0.683109
80 440 -2.70755 0.812943
100 440 -2.69788 0.900064
120 440 -2.68474 0.91791
140 440 -2.66472 0.847026
160 440 -2.62847 0.68174
180 440 -2.53856 0.434899
200 440 -2.03809 0.153551
220 440 -0.105328 0.24322
240 440 0.116579 0.549161
260 440 0.129769 0.828743
280 440 0.08121 1.06716
300 440 -0.00230776 1.27129
320 440 -0.101135 1.44859
340 440 -0.194212 1.58453
360 440 -0.264494 1.63191
380 440 -0.300217 1.52695
400 440 -0.283684 1.22662
420 440 -0.138518 0.751491
440 440 0.785398 0.311721
460 440 2.06491 0.626389
480 440 2.29025 1.07551
500 440 2.36091 1.33457
520 440 2.39258 1.36786
540 440 2.40935 1.2178
560 440 2.41895 0.963998
580 440 2.42451 0.687164
600 440 2.42746 0.444509
620 440 2.42848 0.262276
640 440 2.4279 0.141671
660 440 2.42584 0.0702483
680 440 2.42236 0.0320391
700 440 2.41779 0.0134426
720 440 2.41513 0.00513702
740 440 2.44082 0.0016484
760 440 -2.98592 0.000194737
780 440 -1.15326 0.000867149
800 440 -1.13593 0.00183368
820 440 -1.17557 0.00305681
840 440 -1.22929 0.0045223
860 440 -1.29267 0.00603948
20 460 -2.81992 0.436138
40 460 -2.81951 0.573934
60 460 -2.82289 0.707389
80 460 -2.83053 0.812573
100 460 -2.84383 0.862738
120 460 -2.86625 0.834513
140 460 -2.90691 0.71515
160 460 -2.99594 0.509154
180 460 2.97708 0.248842
200 460 1.27891 0.169056
220 460 0.666597 0.436304
240 460 0.515085 0.697059
260 460 0.4159 0.899654
280 460 0.30782 1.04159
300 460 0.169833 1.14621
320 460 0.00422056 1.25016
340 460 -0.163808 1.37504
360 460 -0.305039 1.49698
380 460 -0.407019 1.54615
400 460 -0.472373 1.44039
420 460 -0.505919 1.12917
440 460 -0.494112 0.626389
460 460 0.785398 0.0578974
480 460 2.42905 0.58821
500 460 2.46424 1.04169
520 460 2.4711 1.27889
540 460 2.47195 1.29214
560 460 2.47075 1.13371
580 460 2.46855 0.884796
600 460 2.46565 0.622265
620 460 2.46209 0.397532
640 460 2.45784 0.231948
660 460 2.45283 0.124098
680 460 2.44704 0.0610718
700 460 2.44055 0.0277102
720 460 2.43379 0.0116027
740 460 2.42934 0.00445698
760 460 2.44597 0.00149585
780 460 2.75025 0.000290412
800 460 -1.27627 0.000394686
820 460 -1.18392 0.000902433
840 460 -1.21601 0.00147472
860 460 -1.26971 0.00211117
20 480 -2.93526 0.457926
40 480 -2.94268 0.58703
60 480 -2.95947 0.702498
80 480 -2.98891 0.7806
100 480 -3.03751 0.798107
120 480 -3.12 0.73955
140 480 3.00886 0.606606
160 480 2.67038 0.435162
180 480 1.93408 0.344374
200 480 1.21796 0.464659
220 480 0.888209 0.673125
240 480 0.722889 0.854631
260 480 0.607677 0.969855
280 480 0.491572 1.01696
300 480 0.340233 1.02221
320 480 0.135724 1.03472
340 480 -0.0998918 1.10608
360 480 -0.311203 1.24648
380 480 -0.465727 1.40051
400 480 -0.570178 1.47441
420 480 -0.646005 1.38043
440 480 -0.719455 1.07551
460 480 -0.858258 0.58821
480 480 -2.35619 0.139283
500 480 2.71149 0.596106
520 480 2.59784 1.00231
540 480 2.55484 1.20132
560 480 2.53064 1.19221
580 480 2.51394 1.03025
600 480 2.50068 0.793482
620 480 2.48898 0.551802
640 480 2.47782 0.349361
660 480 2.46667 0.202553
680 480 2.45525 0.108014
700 480 2.44357 0.053159
720 480 2.43183 0.024205
740 480 2.4206 0.010208
760 480 2.41182 0.00397369
780 480 2.41625 0.00138947
800 480 2.53184 0.000361083
820 480 -1.60574 0.000135141
840 480 -1.24483 0.000399996
860 480 -1.25761 0.000655625
20 500 -3.08758 0.462694
40 500 -3.10354 0.580415
60 500 -3.13582 0.677752
80 500 3.09105 0.733971
100 500 2.99684 0.733297
120 500 2.83726 0.673672
140 500 2.55909 0.579262
160 500 2.10557 0.515463
180 500 1.58264 0.560071
200 500 1.20442 0.697837
220 500 0.978831 0.848575
240 500 0.837092 0.955111
260 500 0.731446 0.993687
280 500 0.627624 0.966717
300 500 0.490084 0.898447
320 500 0.280778 0.83446
340 500 -0.00408075 0.837459
360 500 -0.287935 0.949848
380 500 -0.494489 1.14322
400 500 -0.625192 1.3332
420 500 -0.713248 1.42274
440 500 -0.790115 1.33457
460 500 -0.893442 1.04169
480 500 -1.14069 0.596106
500 500 -2.35619 0.279286
520 500 2.90564 0.607712
540 500 2.69851 0.945574
560 500 2.61693 1.10196
580 500 2.57115 1.07457
600 500 2.53965 0.916802
620 500 2.5147 0.699735
640 500 2.49292 0.484025
660 500 2.4727 0.306074
680 500 2.45336 0.178024
700 500 2.43484 0.0956659
720 500 2.41747 0.0476402
740 500 2.40179 0.0220209
760 500 2.38849 0.00944833
780 500 2.37876 0.00375185
800 500 2.37771 0.00135868
820 500 2.42178 0.000413633
840 500 -3.08154 6.22849e-05
860 500 -1.3577 0.000151428
20 520 2.99213 0.456258
40 520 2.9679 0.565718
60 520 2.92121 0.651634
80 520 2.83983 0.698045
100 520 2.70523 0.698691
120 520 2.4911 0.665365
140 520 2.17693 0.633832
160 520 1.79747 0.651445
180 520 1.45247 0.73326
200 520 1.19974 0.844041
220 520 1.02746 0.935821
240 520 0.906831 0.97651
260 520 0.81353 0.955058
280 520 0.724922 0.878633
300 520 0.610529 0.768628
320 520 0.422761 0.660007
340 520 0.119045 0.606841
360 520 -0.235757 0.668324
380 520 -0.501325 0.846706
400 520 -0.6569 1.07888
420 520 -0.75046 1.28056
440 520 -0.821788 1.36786
460 520 -0.9003 1.27889
480 520 -1.02705 1.00231
500 520 -1.33484 0.607712
520 520 -2.35619 0.365543
540 520 3.03148 0.600511
560 520 2.76663 0.869192
580 520 2.65324 0.987824
600 520 2.58689 0.95124
620 520 2.53974 0.807034
640 520 2.50178 0.616171
660 520 2.46893 0.428906
680 520 2.43964 0.274518
700 520 2.41366 0.162451
720 520 2.39132 0.0891602
740 520 2.3731 0.0454345
760 520 2.35931 0.0214835
780 520 2.35001 0.0094076
800 520 2.3452 0.00380185
820 520 2.34641 0.00140628
840 520 2.36664 0.000460603
860 520 2.52856 0.000110548
20 540 2.72927 0.44951
40 540 2.70142 0.56113
60 540 2.64917 0.649025
80 540 2.55891 0.700484
100 540 2.41438 0.715537
120 540 2.20242 0.711507
140 540 1.93079 0.718558
160 540 1.64348 0.759638
180 540 1.39318 0.828909
200 540 1.20077 0.89717
220 540 1.05925 0.934209
240 540 0.953963 0.922556
260 540 0.870796 0.860087
280 540 0.794734 0.757188
300 540 0.702358 0.632373
320 540 0.547877 0.510159
340 540 0.259058 0.427226
360 540 -0.15319 0.438991
380 540 -0.489018 0.572202
400 540 -0.673892 0.788427
420 540 -0.772655 1.02663
440 540 -0.838552 1.2178
460 540 -0.901155 1.29214
480 540 -0.984039 1.20132
500 540 -1.12771 0.945574
520 540 -1.46068 0.600511
540 540 -2.35619 0.397989
560 540 3.09601 0.563384
580 540 2.78985 0.775915
600 540 2.64827 0.87075
620 540 2.56192 0.838882
640 540 2.49957 0.71834
660 540 2.4504 0.557777
680 540 2.41045 0.397369
700 540 2.37848 0.261436
720 540 2.35411 0.159298
740 540 2.33699 0.0899113
760 540 2.32648 0.0469362
780 540 2.32166 0.0226048
800 540 2.32143 0.0100144
820 540 2.3248 0.00406823
840 540 2.33162 0.00150859
860 540 2.34616 0.000504114
20 560 2.4175 0.452687
40 560 2.40179 0.582383
60 560 2.36373 0.68942
80 560 2.29219 0.758458
100 560 2.17563 0.78816
120 560 2.00751 0.793534
140 560 1.79709 0.798418
160 560 1.57442 0.818593
180 560 1.37355 0.84903
200 560 1.21113 0.869527
220 560 1.08609 0.860342
240 560 0.990062 0.812122
260 560 0.913644 0.727335
280 560 0.846338 0.617041
300 560 0.771047 0.496446
320 560 0.649792 0.382004
340 560 0.40068 0.294662
360 560 -0.0395238 0.273069
380 560 -0.457083 0.354693
400 560 -0.680033 0.523495
420 560 -0.786148 0.741567
440 560 -0.848155 0.963998
460 560 -0.899956 1.13371
480 560 -0.959847 1.19221
500 560 -1.04613 1.10196
520 560 -1.19583 0.869192
540 560 -1.52521 0.563384
560 560 -2.35619 0.373027
580 560 3.08245 0.492072
600 560 2.73927 0.675326
620 560 2.57643 0.770088
640 560 2.47783 0.760603
660 560 2.41027 0.672041
680 560 2.36237 0.54053
700 560 2.32936 0.399124
720 560 2.30851 0.271408
740 560 2.29753 0.169971
760 560 2.29425 0.0978718
780 560 2.29667 0.0516976
800 560 2.30302 0.0249898
820 560 2.31191 0.0110297
840 560 2.32233 0.0044362
860 560 2.33384 0.00162237
20 580 2.08064 0.465527
40 580 2.10501 0.627009
60 580 2.10584 0.76914
80 580 2.07671 0.866681
100 580 2.01032 0.908763
120 580 1.90075 0.904032
140 580 1.74964 0.875187
160 580 1.57285 0.844243
180 580 1.39692 0.818255
200 580 1.24373 0.788389
220 580 1.12094 0.741545
240 580 1.02553 0.671047
260 580 0.950465 0.579385
280 580 0.887314 0.475463
300 580 0.823247 0.370445
320 580 0.729075 0.27476
340 580 0.529398 0.198901
360 580 0.101394 0.163629
380 580 -0.402563 0.202857
400 580 -0.676733 0.317169
420 580 -0.793888 0.486088
440 580 -0.853718 0.687164
460 580 -0.897758 0.884796
480 580 -0.943149 1.03025
500 580 -1.00035 1.07457
520 580 -1.08245 0.987824
540 580 -1.21905 0.775915
560 580 -1.51165 0.492072
580 580 -2.35619 0.287041
600 580 2.92942 0.395826
620 580 2.57288 0.593127
640 580 2.42105 0.717651
660 580 2.33947 0.745282
680 580 2.29294 0.688586
700 580 2.26828 0.575358
720 580 2.25852 0.437742
740 580 2.25897 0.303892
760 580 2.26616 0.192482
780 580 2.27748 0.111114
800 580 2.29108 0.0583813
820 580 2.30566 0.0278844
840 580 2.32039 0.0120939
860 580 2.3348 0.00475905
20 600 1.72423 0.476775
40 600 1.82113 0.670433
60 600 1.884 0.856465
80 600 1.91276 0.995942
100 600 1.90566 1.06084
120 600 1.85912 1.04692
140 600 1.76991 0.974518
160 600 1.64055 0.8763
180 600 1.48535 0.779085
200 600 1.32827 0.692122
220 600 1.19028 0.610236
240 600 1.07978 0.52583
260 600 0.994511 0.43684
280 600 0.927172 0.346978
300 600 0.86676 0.262405
320 600 0.790772 0.188741
340 600 0.637249 0.130428
360 600 0.258164 0.095938
380 600 -0.320578 0.107907
400 600 -0.663792 0.175914
420 600 -0.797281 0.290517
440 600 -0.856666 0.444509
460 600 -0.894857 0.622265
480 600 -0.929887 0.793482
500 600 -0.968849 0.916802
520 600 -1.01609 0.95124
540 600 -1.07747 0.87075
560 600 -1.16847 0.675326
580 600 -1.35862 0.395826
600 600 -2.35619 0.141575
620 600 2.51105 0.32234
640 600 2.29111 0.577887
660 600 2.22261 0.749239
680 600 2.19924 0.812809
700 600 2.1974 0.774127
720 600 2.20751 0.659605
740 600 2.22421 0.506748
760 600 2.24414 0.352101
780 600 2.26515 0.221482
800 600 2.28596 0.126143
820 600 2.30582 0.0650382
840 600 2.32437 0.0303507
860 600 2.34147 0.0128173
20 620 1.32279 0.481945
40 620 1.51959 0.685324
60 620 1.66962 0.906038
80 620 1.7725 1.09739
100 620 1.83226 1.20996
120 620 1.85149 1.21579
140 620 1.82959 1.12164
160 620 1.76382 0.963749
180 620 1.65359 0.788406
200 620 1.50762 0.630625
220 620 1.34779 0.5032
240 620 1.20014 0.401331
260 620 1.08008 0.315695
280 620 0.988524 0.241038
300 620 0.916588 0.176631
320 620 0.845318 0.123466
340 620 0.725498 0.0823684
360 620 0.414478 0.0554323
380 620 -0.205578 0.0540316
400 620 -0.639603 0.089557
420 620 -0.796893 0.158844
440 620 -0.857686 0.262276
460 620 -0.891297 0.397532
480 620 -0.918182 0.551802
500 620 -0.943908 0.699735
520 620 -0.968943 0.807034
540 620 -0.991123 0.838882
560 620 -1.00563 0.770088
580 620 -1.00209 0.593127
600 620 -0.940254 0.32234
620 620 0.785398 0.0505917
640 620 1.93627 0.363938
660 620 2.02175 0.664047
680 620 2.07228 0.87099
700 620 2.11596 0.953939
720 620 2.15658 0.912491
740 620 2.1943 0.775832
760 620 2.22878 0.590865
780 620 2.25985 0.40455
800 620 2.28757 0.249474
820 620 2.31215 0.13871
840 620 2.33389 0.0695858
860 620 2.35311 0.0315132
20 640 0.863279 0.502036
40 640 1.14758 0.673459
60 640 1.40955 0.886742
80 640 1.61442 1.11464
100 640 1.75746 1.29571
120 640 1.84749 1.36871
140 640 1.89293 1.30751
160 640 1.89732 1.13304
180 640 1.85919 0.899027
200 640 1.77418 0.664382
220 640 1.64097 0.469581
240 640 1.4713 0.327724
260 640 1.29383 0.230696
280 640 1.1387 0.163274
300 640 1.01803 0.113957
320 640 0.921693 0.0769751
340 640 0.81037 0.0497677
360 640 0.560964 0.0314095
380 640 -0.053685 0.0258855
400 640 -0.600971 0.0419509
420 640 -0.792737 0.0796466
440 640 -0.8571 0.141671
460 640 -0.887041 0.231948
480 640 -0.907029 0.349361
500 640 -0.922128 0.484025
520 640 -0.930983 0.616171
540 640 -0.928778 0.71834
560 640 -0.907035 0.760603
580 640 -0.850251 0.717651
600 640 -0.72031 0.577887
620 640 -0.365476 0.363938
640 640 0.785398 0.260452
660 640 1.6167 0.509557
680 640 1.88179 0.820483
700 640 2.01543 1.04779
720 640 2.10341 1.13435
740 640 2.16873 1.07241
760 640 2.22007 0.89764
780 640 2.26166 0.669994
800 640 2.29599 0.447749
820 640 2.3247 0.268602
840 640 2.34898 0.144897
860 640 2.36971 0.0703797
20 660 0.413166 0.564665
40 660 0.686913 0.685551
60 660 1.03329 0.823227
80 660 1.37665 1.01839
100 660 1.6434 1.24752
120 660 1.82336 1.42353
140 660 1.93677 1.46578
160 660 2.00206 1.35008
180 660 2.02907 1.11366
200 660 2.02004 0.827418
220 660 1.97091 0.559243
240 660 1.87307 0.349919
260 660 1.7194 0.208867
280 660 1.51864 0.123955
300 660 1.30577 0.0754411
320 660 1.1188 0.0468503
340 660 0.955405 0.028809
360 660 0.722702 0.0172197
380 660 0.140443 0.0120123
400 660 -0.54238 0.0180976
420 660 -0.784387 0.0366829
440 660 -0.85504 0.0702483
460 660 -0.882032 0.124098
480 660 -0.895873 0.202553
500 660 -0.901899 0.306074
520 660 -0.898129 0.428906
540 660 -0.879599 0.557777
560 660 -0.839478 0.672041
580 660 -0.76867 0.745282
600 660 -0.651815 0.749239
620 660 -0.450958 0.664047
640 660 -0.0459082 0.509557
660 660 0.785398 0.442746
680 660 1.52815 0.660478
700 660 1.86738 0.985518
720 660 2.04022 1.23148
740 660 2.14589 1.31239
760 660 2.21822 1.21769
780 660 2.27126 0.996071
800 660 2.31193 0.723796
820 660 2.34411 0.469488
840 660 2.37018 0.272737
860 660 2.3917 0.142231
20 680 0.0621158 0.653679
40 680 0.236176 0.770957
60 680 0.525544 0.819827
80 680 0.95808 0.870891
100 680 1.41918 1.03699
120 680 1.75199 1.29082
140 680 1.95366 1.48671
160 680 2.07358 1.51605
180 680 2.1445 1.36213
200 680 2.18255 1.08324
220 680 2.19398 0.767029
240 680 2.17843 0.486607
260 680 2.12957 0.278786
280 680 2.03471 0.146209
300 680 1.87702 0.0721202
320 680 1.6493 0.0351072
340 680 1.3741 0.0177186
360 680 1.0527 0.00925565
380 680 0.440696 0.00529812
400 680 -0.451843 0.00709129
420 680 -0.771166 0.0155078
440 680 -0.851562 0.0320391
460 680 -0.876248 0.0610718
480 680 -0.884458 0.108014
500 680 -0.882559 0.178024
520 680 -0.868845 0.274518
540 680 -0.839656 0.397369
560 680 -0.791572 0.54053
580 680 -0.722146 0.688586
600 680 -0.628443 0.812809
620 680 -0.50148 0.87099
640 680 -0.310995 0.820483
660 680 0.0426416 0.660478
680 680 0.785398 0.544595
700 680 1.57265 0.749591
720 680 1.94504 1.11311
740 680 2.12279 1.3823
760 680 2.22458 1.44999
780 680 2.2907 1.31478
800 680 2.33727 1.04595
820 680 2.37192 0.736739
840 680 2.39871 0.462189
860 680 2.42006 0.259273
20 700 -0.179408 0.715788
40 700 -0.0962499 0.891162
60 700 0.053427 0.947325
80 700 0.347108 0.86401
100 700 0.910323 0.778668
120 700 1.55725 0.941758
140 700 1.93657 1.26919
160 700 2.12623 1.50501
180 700 2.22935 1.52626
200 700 2.28962 1.3404
220 700 2.32494 1.03224
240 700 2.34271 0.703252
260 700 2.34498 0.426523
280 700 2.32986 0.231403
300 700 2.29103 0.112835
320 700 2.21554 0.049795
340 700 2.08035 0.0201515
360 700 1.84281 0.00759741
380 700 1.3005 0.00256365
400 700 -0.259788 0.0021973
420 700 -0.753701 0.00592766
440 700 -0.846997 0.0134426
460 700 -0.869758 0.0277102
480 700 -0.872772 0.053159
500 700 -0.864041 0.0956659
520 700 -0.842866 0.162451
540 700 -0.807686 0.261436
560 700 -0.758568 0.399124
580 700 -0.697482 0.575358
600 700 -0.626606 0.774127
620 700 -0.545167 0.953939
640 700 -0.444635 1.04779
660 700 -0.29658 0.985518
680 700 -0.0018528 0.749591
700 700 0.785398 0.522769
720 700 1.73067 0.753906
740 700 2.09246 1.18606
760 700 2.24369 1.4752
780 700 2.32509 1.51845
800 700 2.37609 1.33944
820 700 2.41118 1.03209
840 700 2.43686 0.702398
860 700 2.4565 0.425103
20 720 -0.343015 0.709243
40 720 -0.31338 0.960102
60 720 -0.258296 1.112
80 720 -0.149813 1.06976
100 720 0.110023 0.810581
120 720 0.886325 0.546411
140 720 1.83955 0.78839
160 720 2.18139 1.22626
180 720 2.31543 1.48766
200 720 2.38284 1.4856
220 720 2.42164 1.26769
240 720 2.44515 0.943189
260 720 2.45881 0.619005
280 720 2.46462 0.360918
300 720 2.46259 0.187835
320 720 2.45072 0.0875329
340 720 2.42432 0.0365959
360 720 2.37394 0.0136939
380 720 2.27841 0.00439737
400 720 1.87426 0.000655334
420 720 -0.748852 0.00180352
440 720 -0.844334 0.00513702
460 720 -0.862994 0.0116027
480 720 -0.861032 0.024205
500 720 -0.84667 0.0476402
520 720 -0.820527 0.0891602
540 720 -0.78331 0.159298
560 720 -0.737713 0.271408
580 720 -0.68772 0.437742
600 720 -0.636715 0.659605
620 720 -0.585786 0.912491
640 720 -0.532615 1.13435
660 720 -0.469428 1.23148
680 720 -0.374245 1.11311
700 720 -0.159875 0.753906
720 720 0.785398 0.363408
740 720 2.0247 0.705237
760 720 2.29098 1.21297
780 720 2.38718 1.49879
800 720 2.43694 1.50228
820 720 2.46762 1.28216
840 720 2.48856 0.953289
860 720 2.50382 0.625149
20 740 -0.457109 0.627558
40 740 -0.455872 0.926203
60 740 -0.447005 1.18532
80 740 -0.426714 1.28911
100 740 -0.381559 1.13618
120 740 -0.247111 0.705602
140 740 0.913226 0.21447
160 740 2.29945 0.686621
180 740 2.45024 1.1909
200 740 2.50018 1.42752
220 740 2.52431 1.38084
240 740 2.53795 1.13551
260 740 2.54611 0.812802
280 740 2.55077 0.512883
300 740 2.55267 0.287455
320 740 2.55185 0.14379
340 740 2.5477 0.0643954
360 740 2.5389 0.0258562
380 740 2.52389 0.00925919
400 740 2.51036 0.00277359
420 740 3.04543 0.000195197
440 740 -0.870019 0.0016484
460 740 -0.858545 0.00445698
480 740 -0.849806 0.010208
500 740 -0.830995 0.0220209
520 740 -0.802304 0.0454345
540 740 -0.766189 0.0899113
560 740 -0.726733 0.169971
580 740 -0.688175 0.303892
600 740 -0.653415 0.506748
620 740 -0.6235 0.775832
640 740 -0.597934 1.07241
660 740 -0.575094 1.31239
680 740 -0.55199 1.3823
700 740 -0.521662 1.18606
720 740 -0.453908 0.705237
740 740 0.785398 0.093764
760 740 2.44586 0.684628
780 740 2.51486 1.21017
800 740 2.53929 1.45064
820 740 2.55234 1.40085
840 740 2.56066 1.15012
860 740 2.56652 0.822221
20 760 -0.539675 0.495061
40 760 -0.553534 0.793515
60 760 -0.5662 1.11506
80 760 -0.580478 1.35916
100 760 -0.600657 1.40391
120 760 -0.63805 1.16342
140 760 -0.748996 0.648934
160 760 -2.43556 0.149888
180 760 2.7912 0.713475
200 760 2.70089 1.15532
220 760 2.66854 1.31355
240 760 2.65171 1.21259
260 760 2.6412 0.954338
280 760 2.63382 0.654784
300 760 2.62812 0.396408
320 760 2.62332 0.213297
340 760 2.61883 0.102483
360 760 2.61416 0.0441041
380 760 2.60895 0.0170219
400 760 2.60506 0.00584873
420 760 2.63174 0.00163659
440 760 -1.72647 0.000194737
460 760 -0.87517 0.00149585
480 760 -0.84102 0.00397369
500 760 -0.817694 0.00944833
520 760 -0.788515 0.0214835
540 760 -0.755687 0.0469362
560 760 -0.723459 0.0978718
580 760 -0.695363 0.192482
600 760 -0.67334 0.352101
620 760 -0.65798 0.590865
640 760 -0.649275 0.89764
660 760 -0.647424 1.21769
680 760 -0.653783 1.44999
700 760 -0.672893 1.4752
720 760 -0.720182 1.21297
740 760 -0.875064 0.684628
760 760 -2.35619 0.222636
780 760 2.86182 0.742358
800 760 2.73347 1.17991
820 760 2.68821 1.33405
840 760 2.6655 1.22796
860 760 2.65199 0.964688
20 780 -0.601434 0.348745
40 780 -0.623593 0.604447
60 780 -0.646408 0.925329
80 780 -0.674167 1.24497
100 780 -0.71307 1.45563
120 780 -0.776047 1.44683
140 780 -0.89988 1.16862
160 780 -1.23875 0.702991
180 780 -2.36592 0.464582
200 780 3.1322 0.799616
220 780 2.90938 1.08916
240 780 2.81617 1.145
260 780 2.76577 0.99888
280 780 2.73428 0.748788
300 780 2.71272 0.491122
320 780 2.69697 0.284785
340 780 2.68489 0.146946
360 780 2.6752 0.0677584
380 780 2.66715 0.0280008
400 780 2.66061 0.0103786
420 780 2.65993 0.00341244
440 780 2.72406 0.000867149
460 780 -1.17945 0.000290412
480 780 -0.845453 0.00138947
500 780 -0.807959 0.00375185
520 780 -0.77921 0.0094076
540 780 -0.750863 0.0226048
560 780 -0.72587 0.0516976
580 780 -0.706688 0.111114
600 780 -0.694355 0.221482
620 780 -0.689054 0.40455
640 780 -0.690866 0.669994
660 780 -0.70046 0.996071
680 780 -0.719903 1.31478
700 780 -0.754289 1.51845
720 780 -0.816387 1.49879
740 780 -0.944068 1.21017
760 780 -1.29102 0.742358
780 780 -2.35619 0.507574
800 780 -3.1253 0.825837
820 780 2.92435 1.10814
840 780 2.82569 1.15913
860 780 2.77247 1.00874
20 800 -0.648851 0.219855
40 800 -0.675839 0.410591
60 800 -0.703453 0.680562
80 800 -0.736254 0.99953
100 800 -0.77974 1.29358
120 800 -0.843231 1.46049
140 800 -0.946555 1.41496
160 800 -1.1406 1.14974
180 800 -1.56872 0.797865
200 800 -2.35843 0.672073
220 800 -2.9469 0.839976
240 800 3.07319 0.971151
260 800 2.9429 0.936497
280 800 2.86759 0.768264
300 800 2.81902 0.546963
320 800 2.78522 0.342328
340 800 2.76039 0.189905
360 800 2.74136 0.0938864
380 800 2.72631 0.0415203
400 800 2.71416 0.0164659
420 800 2.70496 0.00585602
440 800 2.70672 0.00183368
460 800 2.84707 0.000394686
480 800 -0.961041 0.000361083
500 800 -0.806915 0.00135868
520 800 -0.774399 0.00380185
540 800 -0.750629 0.0100144
560 800 -0.732221 0.0249898
580 800 -0.72028 0.0583813
600 800 -0.715159 0.126143
620 800 -0.716773 0.249474
640 800 -0.725193 0.447749
660 800 -0.741129 0.723796
680 800 -0.766475 1.04595
700 800 -0.805294 1.33944
720 800 -0.866148 1.50228
740 800 -0.968495 1.45064
760 800 -1.16268 1.17991
780 800 -1.58709 0.825837
800 800 -2.35619 0.696715
820 800 -2.93774 0.857099
840 800 3.07993 0.983327
860 800 2.94755 0.945136
20 820 -0.685919 0.124276
40 820 -0.716026 0.249434
60 820 -0.745853 0.445658
80 820 -0.780124 0.709196
100 820 -0.823485 1.00263
120 820 -0.88252 1.25304
140 820 -0.968813 1.37414
160 820 -1.10562 1.31089
180 820 -1.34287 1.08838
200 820 -1.76782 0.839898
220 820 -2.35678 0.747064
240 820 -2.8206 0.793547
260 820 -3.08341 0.805187
280 820 3.05052 0.71381
300 820 2.95817 0.549903
320 820 2.89637 0.371294
340 820 2.85242 0.221505
360 820 2.81967 0.117461
380 820 2.79438 0.0556061
400 820 2.77429 0.0235734
420 820 2.75811 0.00896747
440 820 2.74636 0.00305681
460 820 2.75472 0.000902433
480 820 -3.10665 0.000135141
500 820 -0.85098 0.000413633
520 820 -0.775611 0.00140628
540 820 -0.754008 0.00406823
560 820 -0.741113 0.0110297
580 820 -0.73486 0.0278844
600 820 -0.735019 0.0650382
620 820 -0.741353 0.13871
640 820 -0.753905 0.268602
660 820 -0.773309 0.469488
680 820 -0.80112 0.736739
700 820 -0.840384 1.03209
720 820 -0.896828 1.28216
740 820 -0.981544 1.40085
760 820 -1.11741 1.33405
780 820 -1.35355 1.10814
800 820 -1.77465 0.857099
820 820 -2.35619 0.761022
840 820 -2.81706 0.803655
860 820 -3.08027 0.812363
20 840 -0.71514 0.0630854
40 840 -0.747675 0.135838
60 840 -0.778476 0.260783
80 840 -0.812658 0.447406
100 840 -0.854289 0.685389
120 840 -0.908204 0.935156
140 840 -0.981748 1.13221
160 840 -1.08755 1.21149
180 840 -1.24852 1.1448
200 840 -1.50391 0.971225
220 840 -1.89248 0.79362
240 840 -2.35635 0.70348
260 840 -2.73691 0.672648
280 840 -2.98517 0.615531
300 840 3.14147 0.504696
320 840 3.03842 0.365406
340 840 2.96687 0.233904
360 840 2.91477 0.132939
380 840 2.87534 0.0673537
400 840 2.84456 0.0305193
420 840 2.81993 0.0123984
440 840 2.80009 0.0045223
460 840 2.78681 0.00147472
480 840 2.81563 0.000399996
500 840 -1.63085 6.22849e-05
520 840 -0.79584 0.000460603
540 840 -0.760828 0.00150859
560 840 -0.751537 0.0044362
580 840 -0.749597 0.0120939
600 840 -0.753569 0.0303507
620 840 -0.763092 0.0695858
640 840 -0.778185 0.144897
660 840 -0.799381 0.272737
680 840 -0.827918 0.462189
700 840 -0.866068 0.702398
720 840 -0.917765 0.953289
740 840 -0.989868 1.15012
760 840 -1.0947 1.22796
780 840 -1.25489 1.15913
800 840 -1.50913 0.983327
820 840 -1.89533 0.803655
840 840 -2.35619 0.711317
860 840 -2.7354 0.678371
20 860 -0.738043 0.0287912
40 860 -0.773013 0.066437
60 860 -0.804259 0.136742
80 860 -0.837694 0.252042
100 860 -0.877117 0.416188
120 860 -0.926284 0.614929
140 860 -0.990185 0.811364
160 860 -1.07647 0.953993
180 860 -1.19756 0.99892
200 860 -1.37324 0.936618
220 860 -1.62946 0.805275
240 860 -1.97567 0.672683
260 860 -2.35624 0.581966
280 860 -2.67801 0.514144
300 860 -2.90791 0.432323
320 860 -3.06486 0.330036
340 860 3.10932 0.224994
360 860 3.03093 0.13659
380 860 2.97251 0.0739487
400 860 2.92758 0.0357881
420 860 2.89209 0.0155177
440 860 2.86346 0.00603948
460 860 2.84051 0.00211117
480 860 2.82841 0.000655625
500 860 2.92849 0.000151428
520 860 -0.957762 0.000110548
540 860 -0.775364 0.000504114
560 860 -0.763047 0.00162237
580 860 -0.763999 0.00475905
600 860 -0.770672 0.0128173
620 860 -0.782315 0.0315132
640 860 -0.798913 0.0703797
660 860 -0.820902 0.142231
680 860 -0.849263 0.259273
700 860 -0.885706 0.425103
720 860 -0.933022 0.625149
740 860 -0.995721 0.822221
760 860 -1.08119 0.964688
780 860 -1.20167 1.00874
800 860 -1.37675 0.945136
820 860 -1.63212 0.812363
840 860 -1.97699 0.678371
860 860 -2.35619 0.586307
